


  [ (460 60) arc 60 (644 134) arc 60 (544 367) arc 60  ]
  [ (560 60) arc 60 (644 367) arc 60 (744 134) arc 60  ]

  [(0 0) [[ (100 -100) (200 100) ]] (300 0) arc 233 (500 0) (500 100) arc 212 (500 300) [[ (250 200) (125 400) ]] (90 120) arc 290 (20 150) arc 60 (-40 160) arc 60 ]

  [ (59 9) arc 60 (59 -209) arc 60 (519 -209) arc 60 (519 9) arc -180 ]

  [ (160 60) (344 134) (244 367) ]
  [ (260 60) (344 367) (444 134) ]
  [ (360 60) (544 134) (444 367) ]

  [ (-60 -60) arc 60 (-100 300) arc 60 (60 500) arc 60 (200 570) arc 60 (300 100)  arc 80 ]
