


  [ (460 60) [[(520 30)]] (644 134) [[(520 30)]] (544 367) [[(520 30)]] ]
  [ (560 60) [[(520 30)]] (644 367) [[(520 30)]] (744 134) [[(520 30)]] ]

  [(0 0) [[ (100 -100) (200 100) ]] (300 0) [[(520 30)]] (500 0) [[(520 30)]] (500 100) [[(520 30)]] (500 300) [[ (250 200) (125 400) ]] (90 120) [[(520 30)]] (20 150) [[(520 30)]] (-40 160) [[(520 30)]] ]

  [ (59 9) [[(520 30)]] (59 -209) [[(520 30)]] (519 -209) [[(520 30)]] (519 9) [[(520 30)]] ]

  [ (160 60) [[(520 30)]] (344 134) [[(520 30)]] (244 367) [[(520 30)]] ]
  [ (260 60) [[(520 30)]] (344 367) [[(520 30)]] (444 134) [[(520 30)]] ]
  [ (360 60) [[(520 30)]] (544 134) [[(520 30)]] (444 367) [[(520 30)]] ]

  [ (-60 -60) [[(520 30)]] (-100 300) [[(520 30)]] (60 500) [[(520 30)]] (200 570) [[(520 30)]] (300 100) [[(520 30)]] ]
