R[ (-160 -160) (160 -160) (160 160) (-160 160) ]

[ (0 0) (16 0) (16 16) (0 16)]
[ (0 0) (16 0) (16 16) (0 16)]
[ (0 0) (16 0) (16 16) (0 16)]
[ (0 0) (16 0) (16 16) (0 16)]
[ (0 0) (16 0) (16 16) (0 16)]
[ (0 0) (16 0) (16 16) (0 16)]
[ (0 0) (16 0) (16 16) (0 16)]
[ (0 0) (16 0) (16 16) (0 16)]
[ (0 0) (16 0) (16 16) (0 16)]





[ (0 10) (10 10) (10 0) (0 0)]
[ (0 10) (10 10) (10 0) (0 0)]
[ (0 10) (10 10) (10 0) (0 0)]
[ (0 10) (10 10) (10 0) (0 0)]
[ (0 10) (10 10) (10 0) (0 0)]
[ (0 10) (10 10) (10 0) (0 0)]
[ (0 10) (10 10) (10 0) (0 0)]
[ (0 10) (10 10) (10 0) (0 0)]

[ (5 10) (10 10) (10 5) (5 5)]
